0.05555555555555555
0.05
0.04
0.03111111111111111
0.025555555555555557
0.021111111111111112
0.017777777777777778
0.014444444444444444
0.011111111111111112
0.011111111111111112
0.011111111111111112
0.008888888888888889
0.0077777777777777776
0.0077777777777777776
0.006666666666666667
0.0077777777777777776
0.008888888888888889
0.01
0.0077777777777777776
0.006666666666666667
0.006666666666666667
0.006666666666666667
0.006666666666666667
0.0077777777777777776
0.006666666666666667
0.0077777777777777776
0.006666666666666667
0.006666666666666667
0.006666666666666667
0.006666666666666667